0 0.105509 0.167546 0.181913 0.274406
0 0.273909 0.201187 0.107069 0.178100
0 0.326923 0.217018 0.092516 0.156992
0 0.388254 0.188654 0.121622 0.211082
0 0.505198 0.199208 0.101871 0.182058
0 0.571206 0.174142 0.100832 0.192612
0 0.624220 0.152375 0.094595 0.183377
0 0.797297 0.182058 0.135135 0.234828
0 0.967256 0.213061 0.065489 0.162269
0 0.154366 0.439314 0.109148 0.068602
0 0.158004 0.503958 0.135135 0.079156
0 0.166320 0.578496 0.126819 0.091029
0 0.073285 0.575858 0.098753 0.112137
0 0.077963 0.482190 0.051975 0.104222
0 0.234407 0.500660 0.071726 0.215040
0 0.346674 0.539578 0.080042 0.134565
0 0.406445 0.529024 0.066528 0.134565
0 0.455821 0.554090 0.065489 0.113456
0 0.574324 0.531662 0.111227 0.189974
0 0.652807 0.577836 0.103950 0.116095
0 0.771830 0.554090 0.092516 0.158311
0 0.829002 0.540237 0.096674 0.178100
0 0.878378 0.528364 0.110187 0.201847
0 0.054574 0.888522 0.065489 0.117414
0 0.110707 0.773747 0.069647 0.062005
0 0.111746 0.866095 0.069647 0.127968
0 0.130457 0.913588 0.063410 0.069921
0 0.172037 0.844987 0.067568 0.135884
0 0.269751 0.852243 0.100832 0.166227
0 0.320686 0.906332 0.098753 0.118734
0 0.402807 0.849604 0.069647 0.073879
0 0.404886 0.937335 0.042620 0.067282
0 0.537942 0.744063 0.092516 0.063325
0 0.535863 0.801451 0.109148 0.064644
0 0.496362 0.897098 0.065489 0.126649
0 0.566528 0.887203 0.062370 0.106860
0 0.662162 0.870053 0.079002 0.146438
0 0.716216 0.883905 0.070686 0.129288
0 0.750520 0.858179 0.093555 0.164908
0 0.851351 0.858179 0.074844 0.141161
0 0.904366 0.879947 0.074844 0.137203
0 0.958420 0.848945 0.074844 0.162269
