0 0.169544 0.169617 0.070284 0.106195
0 0.417386 0.176991 0.030826 0.082596
0 0.545623 0.253687 0.072750 0.053097
0 0.832922 0.230088 0.040691 0.088496
0 0.834155 0.169617 0.030826 0.044248
0 0.090012 0.503687 0.113440 0.101770
0 0.176326 0.510324 0.098644 0.168142
0 0.583231 0.544248 0.039457 0.056047
0 0.646732 0.583333 0.072750 0.092920
0 0.116523 0.904130 0.035758 0.053097
0 0.263872 0.881268 0.083847 0.151917
0 0.480888 0.898230 0.073983 0.082596
0 0.807028 0.835546 0.045623 0.125369
1 0.109125 0.122419 0.124538 0.224189
1 0.483970 0.149705 0.112207 0.252212
1 0.879162 0.157817 0.088779 0.218289
1 0.273736 0.245575 0.014797 0.042773
1 0.615906 0.490413 0.072750 0.266962
1 0.956227 0.505900 0.085080 0.241888
1 0.077065 0.838496 0.070284 0.210914
1 0.199753 0.841445 0.061652 0.231563
1 0.419852 0.816372 0.065351 0.210914
1 0.750925 0.840708 0.187423 0.274336
