0 0.167002 0.308594 0.162978 0.148438
0 0.540744 0.113715 0.133803 0.085069
0 0.798290 0.083767 0.143863 0.138021
0 0.422032 0.301215 0.117706 0.086806
0 0.896378 0.410156 0.169014 0.153646
0 0.477364 0.520833 0.264588 0.274306
0 0.095573 0.562934 0.160966 0.098090
0 0.150402 0.863281 0.234406 0.115451
0 0.489437 0.800781 0.194165 0.110243
0 0.827968 0.863281 0.062374 0.072049
0 0.908954 0.588542 0.083501 0.059028
1 0.827465 0.835938 0.161972 0.125000
1 0.153421 0.817274 0.282696 0.365451
1 0.845573 0.152344 0.153924 0.302951
1 0.549799 0.081163 0.129779 0.160590
1 0.489437 0.262153 0.123742 0.182292
