0 0.096509 0.039823 0.090349 0.057120
0 0.578029 0.114642 0.133470 0.092518
0 0.835216 0.199920 0.191992 0.219630
0 0.102669 0.209171 0.094456 0.072405
0 0.193018 0.213596 0.106776 0.102172
0 0.143224 0.390587 0.173511 0.124698
0 0.516940 0.335479 0.222793 0.133548
0 0.762320 0.469429 0.072895 0.068383
0 0.923511 0.483910 0.079055 0.069992
0 0.919918 0.576428 0.080082 0.049075
0 0.760780 0.584875 0.100616 0.067578
0 0.246920 0.605390 0.142710 0.110217
0 0.522587 0.682623 0.266940 0.179405
0 0.829055 0.826629 0.074949 0.076428
0 0.468686 0.916331 0.118070 0.109413
0 0.209446 0.966613 0.084189 0.044248
1 0.842916 0.845133 0.135524 0.251810
1 0.481520 0.917940 0.139630 0.154465
1 0.275154 0.926790 0.117043 0.131939
1 0.759240 0.465406 0.056468 0.108608
1 0.923511 0.565969 0.077002 0.102172
