0 0.166667 0.063333 0.105590 0.061667
0 0.820393 0.295833 0.116977 0.101667
0 0.116977 0.487917 0.138716 0.135833
0 0.487060 0.382917 0.143892 0.077500
0 0.885093 0.563333 0.192547 0.135000
0 0.820393 0.766667 0.063147 0.041667
0 0.546066 0.750000 0.083851 0.093333
0 0.110248 0.903750 0.168737 0.149167
0 0.495342 0.922083 0.133540 0.112500
1 0.141822 0.145833 0.149068 0.281667
1 0.192547 0.466667 0.244306 0.338333
1 0.841097 0.307083 0.154244 0.339167
1 0.822981 0.730000 0.126294 0.123333
1 0.154762 0.857917 0.189441 0.284167
