0 0.163934 0.214786 0.071721 0.081365
0 0.548668 0.257218 0.099385 0.096238
0 0.763320 0.337708 0.053279 0.057743
0 0.534836 0.502625 0.081967 0.095363
0 0.159836 0.639983 0.168033 0.098863
0 0.075307 0.847332 0.082992 0.053368
0 0.148053 0.807087 0.095287 0.051619
0 0.146516 0.846457 0.077869 0.044619
0 0.221824 0.846019 0.080943 0.048994
0 0.235143 0.797025 0.099385 0.061242
0 0.293545 0.843832 0.080943 0.055118
0 0.397541 0.651356 0.090164 0.088364
0 0.485656 0.650481 0.110656 0.072616
0 0.540984 0.634733 0.084016 0.079615
0 0.611168 0.654856 0.068648 0.102362
0 0.654201 0.643482 0.044057 0.107612
0 0.861680 0.674541 0.159836 0.185477
0 0.506660 0.943132 0.179303 0.103237
1 0.169570 0.195101 0.138320 0.157480
1 0.867316 0.279090 0.240779 0.271216
1 0.505123 0.488189 0.098361 0.173228
1 0.170594 0.512248 0.207992 0.410324
1 0.538422 0.901137 0.156762 0.197725
