0 0.134953 0.157085 0.071355 0.027530
0 0.228542 0.157490 0.045502 0.029960
0 0.509824 0.142510 0.095140 0.053441
0 0.609100 0.133198 0.072389 0.044534
0 0.908480 0.161943 0.114788 0.079352
0 0.853154 0.083806 0.068252 0.046154
0 0.949328 0.089069 0.037229 0.030769
0 0.126680 0.307287 0.234747 0.187045
0 0.535677 0.470040 0.084798 0.068826
0 0.832472 0.643320 0.066184 0.042915
0 0.555326 0.872065 0.078594 0.037247
0 0.797311 0.940486 0.059979 0.042915
0 0.796794 0.963968 0.081696 0.052632
0 0.896070 0.965992 0.106515 0.051822
1 0.172699 0.108907 0.107549 0.123887
1 0.279214 0.115789 0.039297 0.082591
1 0.241468 0.110931 0.036194 0.076113
1 0.558945 0.084615 0.149948 0.156275
1 0.537746 0.401619 0.136505 0.299595
1 0.891417 0.546154 0.165460 0.162753
1 0.555326 0.827126 0.043433 0.112551
1 0.889866 0.897976 0.187177 0.189474
