0 0.193423 0.198467 0.143813 0.081772
0 0.100892 0.472743 0.108138 0.122658
0 0.228540 0.471465 0.140468 0.128620
0 0.436455 0.398637 0.154961 0.124361
0 0.489409 0.344974 0.169454 0.177172
0 0.583612 0.402896 0.090301 0.078365
0 0.579710 0.370102 0.136009 0.135434
0 0.833891 0.268313 0.169454 0.166951
0 0.824972 0.492334 0.113712 0.071550
0 0.874025 0.896082 0.133779 0.083475
0 0.454849 0.678024 0.169454 0.120954
0 0.506689 0.651193 0.161650 0.121806
0 0.559086 0.629898 0.141583 0.099659
0 0.600892 0.614991 0.104794 0.068143
0 0.515050 0.885860 0.178372 0.102215
0 0.161650 0.787905 0.131550 0.114140
1 0.179487 0.173339 0.187291 0.317717
