0 0.168502 0.372913 0.255507 0.224490
0 0.424009 0.316327 0.132159 0.090909
0 0.561123 0.322356 0.104626 0.073284
0 0.486784 0.128942 0.096916 0.068646
0 0.751101 0.096475 0.136564 0.092764
0 0.797357 0.345547 0.101322 0.134508
0 0.798458 0.559369 0.121145 0.046382
0 0.415749 0.709647 0.087004 0.057514
0 0.187225 0.880798 0.171806 0.121521
0 0.064978 0.621521 0.046256 0.029685
0 0.066630 0.654917 0.049559 0.033395
0 0.115088 0.617811 0.045154 0.029685
0 0.166300 0.620130 0.039648 0.032468
0 0.210903 0.617811 0.042952 0.037106
0 0.258811 0.616419 0.044053 0.039889
0 0.301762 0.622449 0.033040 0.033395
0 0.115088 0.654453 0.045154 0.030612
0 0.161894 0.656308 0.046256 0.034323
0 0.212555 0.653525 0.048458 0.028757
0 0.255507 0.658163 0.046256 0.032468
0 0.734031 0.754638 0.113436 0.082560
0 0.786894 0.934601 0.102423 0.099258
1 0.103524 0.270872 0.193833 0.445269
1 0.481278 0.099258 0.143172 0.196660
1 0.750000 0.061688 0.211454 0.121521
1 0.488436 0.627087 0.148678 0.330241
1 0.873899 0.756494 0.148678 0.171614
