0 0.167952 0.312500 0.115639 0.108221
0 0.262115 0.306208 0.103524 0.083893
0 0.253304 0.248742 0.107930 0.056208
0 0.506608 0.299916 0.072687 0.076342
0 0.506057 0.182886 0.069383 0.077181
0 0.506057 0.056628 0.075991 0.074664
0 0.371145 0.183305 0.030837 0.079698
0 0.370595 0.304111 0.031938 0.079698
0 0.365639 0.059564 0.028634 0.078859
0 0.646476 0.059144 0.030837 0.079698
0 0.644824 0.183725 0.029736 0.073826
0 0.641520 0.300755 0.029736 0.074664
0 0.835352 0.233221 0.060573 0.060403
0 0.829295 0.455537 0.048458 0.046980
0 0.519273 0.555369 0.036344 0.040268
0 0.207599 0.769295 0.051762 0.040268
0 0.115639 0.976510 0.116740 0.043624
0 0.566079 0.870805 0.081498 0.067114
0 0.867291 0.828440 0.106828 0.119966
1 0.498348 0.526846 0.036344 0.075503
1 0.182819 0.731124 0.052863 0.114933
1 0.138767 0.926174 0.118943 0.137584
1 0.201542 0.921141 0.070485 0.145973
1 0.511013 0.846477 0.094714 0.127517
1 0.834251 0.156040 0.042952 0.100671
