0 0.102969 0.157767 0.144636 0.232039
0 0.368774 0.198058 0.187739 0.266019
0 0.628352 0.345146 0.082375 0.121359
0 0.877874 0.110194 0.037356 0.057282
0 0.821839 0.500485 0.067050 0.094175
0 0.085249 0.523301 0.028736 0.034951
0 0.109195 0.525243 0.030651 0.034951
0 0.175766 0.523786 0.020115 0.032039
0 0.403257 0.501942 0.153257 0.126214
0 0.872126 0.751942 0.029693 0.041748
0 0.943966 0.756796 0.033525 0.043689
0 0.329023 0.917476 0.066092 0.099029
0 0.374521 0.893689 0.091954 0.129126
0 0.081418 0.889806 0.084291 0.121359
1 0.616858 0.233495 0.109195 0.331068
1 0.888410 0.416505 0.071839 0.229126
1 0.082854 0.488835 0.029693 0.092233
1 0.122126 0.494175 0.025862 0.104854
1 0.159962 0.488350 0.032567 0.102913
1 0.318966 0.502427 0.116858 0.125243
1 0.154215 0.766505 0.082375 0.055340
1 0.045019 0.735922 0.067050 0.085437
1 0.405172 0.816990 0.068966 0.265049
1 0.859195 0.943689 0.061303 0.075728
1 0.902778 0.959709 0.050766 0.047573
1 0.883142 0.716990 0.032567 0.088350
1 0.915709 0.726699 0.038314 0.100000
0 0.625958 0.657282 0.230843 0.308738
