0 0.071582 0.305459 0.061356 0.120790
0 0.083154 0.396051 0.062971 0.051103
0 0.071582 0.451800 0.061356 0.055749
0 0.041442 0.929733 0.037675 0.112660
0 0.108450 0.937282 0.030678 0.092915
0 0.218245 0.722997 0.088805 0.173055
0 0.213402 0.382695 0.066200 0.214866
0 0.367869 0.272358 0.029602 0.082462
0 0.321044 0.751452 0.045748 0.160279
0 0.358450 0.735772 0.036598 0.112660
0 0.507535 0.400116 0.075350 0.110337
0 0.535253 0.799652 0.030678 0.084785
0 0.494887 0.034262 0.025296 0.042973
0 0.635091 0.353078 0.038751 0.118467
0 0.644779 0.843786 0.051668 0.135889
0 0.642626 0.937282 0.066738 0.067364
0 0.786598 0.716609 0.069429 0.157956
0 0.784984 0.599884 0.059742 0.096400
0 0.788213 0.192799 0.027449 0.118467
0 0.901507 0.184088 0.055974 0.170732
0 0.962325 0.196864 0.053821 0.170732
0 0.929225 0.732288 0.073735 0.170732
0 0.928956 0.592915 0.047363 0.110337
1 0.062164 0.847271 0.034984 0.252033
1 0.094995 0.850755 0.025296 0.249710
1 0.379709 0.679443 0.082347 0.285714
1 0.364639 0.203833 0.038213 0.321719
1 0.518568 0.351336 0.098493 0.221835
1 0.529871 0.718931 0.026372 0.213705
1 0.672228 0.775842 0.063509 0.383275
1 0.669806 0.277584 0.041442 0.274100
1 0.935145 0.609756 0.099569 0.390244
