0 0.067176 0.121926 0.044275 0.090164
0 0.099618 0.416496 0.104580 0.210041
0 0.105344 0.699795 0.140458 0.135246
0 0.085115 0.963115 0.060305 0.073770
0 0.241985 0.918545 0.067176 0.058402
0 0.295802 0.661885 0.061832 0.104508
0 0.272137 0.225410 0.081679 0.170082
0 0.484351 0.351947 0.074046 0.140369
0 0.695802 0.392418 0.048092 0.077869
0 0.913359 0.435451 0.135115 0.180328
0 0.888168 0.064549 0.109160 0.112705
0 0.883588 0.703381 0.127481 0.156762
0 0.715649 0.911373 0.067939 0.126025
0 0.495038 0.884734 0.107634 0.144467
0 0.497328 0.777152 0.081679 0.099385
1 0.104580 0.076844 0.070229 0.141393
1 0.296947 0.574795 0.047328 0.247951
1 0.708015 0.804303 0.061832 0.295082
1 0.963740 0.649078 0.052672 0.210041
1 0.904580 0.401639 0.112977 0.266393
