0 0.047397 0.159601 0.055342 0.099751
0 0.103014 0.162718 0.049315 0.105985
0 0.104384 0.370324 0.052055 0.114713
0 0.044658 0.366584 0.048767 0.112219
0 0.040548 0.548628 0.038356 0.107232
0 0.103014 0.544888 0.038356 0.107232
0 0.040822 0.694514 0.042192 0.127182
0 0.113699 0.681421 0.030137 0.093516
0 0.104110 0.678928 0.036164 0.103491
0 0.104384 0.733167 0.052055 0.064838
0 0.216712 0.865960 0.070685 0.138404
0 0.214247 0.261845 0.078904 0.147132
0 0.368493 0.806733 0.070685 0.167082
0 0.362740 0.271197 0.072329 0.180798
0 0.487397 0.278055 0.052055 0.092269
0 0.548767 0.215711 0.046575 0.094763
0 0.505479 0.158978 0.049863 0.091022
0 0.492055 0.717581 0.049315 0.105985
0 0.540000 0.765586 0.049863 0.084788
0 0.632603 0.908978 0.037808 0.064838
0 0.667671 0.910224 0.040000 0.054863
0 0.654521 0.240025 0.082740 0.190773
0 0.798356 0.284289 0.093151 0.189526
0 0.943014 0.290524 0.058082 0.117207
0 0.925479 0.786160 0.056986 0.110973
0 0.803836 0.936409 0.040548 0.074813
1 0.944932 0.765586 0.060822 0.366584
1 0.783014 0.883416 0.105205 0.203242
