0 0.040523 0.104454 0.059349 0.143160
0 0.123803 0.105514 0.058711 0.121951
0 0.116784 0.272004 0.056158 0.128314
0 0.043076 0.264581 0.052967 0.143160
0 0.043714 0.441145 0.067007 0.135737
0 0.121570 0.443796 0.055520 0.126193
0 0.058711 0.610286 0.030632 0.054083
0 0.111359 0.583775 0.023612 0.054083
0 0.244097 0.643690 0.074665 0.159067
0 0.209317 0.191941 0.039566 0.099682
0 0.247926 0.144751 0.040204 0.090138
0 0.289726 0.212619 0.047224 0.096501
0 0.423101 0.168081 0.047224 0.094380
0 0.367900 0.465005 0.046586 0.088017
0 0.449266 0.468187 0.042119 0.098621
0 0.537332 0.239661 0.051053 0.095440
0 0.585514 0.251326 0.052967 0.097561
0 0.627951 0.162248 0.045948 0.093319
0 0.723038 0.201485 0.045948 0.093319
0 0.785258 0.173913 0.050415 0.082715
0 0.922463 0.263521 0.079770 0.111347
0 0.773452 0.583245 0.085514 0.093319
0 0.566050 0.565748 0.056158 0.102863
0 0.432036 0.822906 0.075303 0.159067
0 0.877473 0.618770 0.040842 0.060445
0 0.947352 0.692471 0.100191 0.180276
0 0.077856 0.953871 0.051053 0.088017
1 0.122846 0.609226 0.026165 0.160127
1 0.046586 0.608165 0.038290 0.147402
1 0.255265 0.588017 0.148054 0.365854
1 0.102425 0.918876 0.105297 0.162248
1 0.380983 0.442736 0.047224 0.242842
1 0.460115 0.465005 0.048500 0.206787
1 0.420868 0.164899 0.088705 0.266172
1 0.721442 0.202545 0.068283 0.303287
1 0.789726 0.190350 0.065731 0.329799
1 0.918634 0.227466 0.111678 0.372216
1 0.565093 0.605514 0.072112 0.335101
